005598215
004325878
003839561
003205735
003258668
003396385
003419135
004938725
003438203
003452137
003600292
003921889
003258676
003419084
003839538
003840448
003806425
003309404
003309411
003258683
003309412
003396379
003396405
003396406
003419623
003430696
003452136
003797909
003798244
003802803
003802810
003802816
003819531
003828266
003829230
003832131
003832948
003832983
003833818
003834376
003834463
003838036
003838044
003838059
003838070
003838096
003838116
003838121
003838172
003838251
003838254
003838475
003838670
003838693
003838756
003838826
003839029
003839123
003839699
003840728
003840890
003840911
003843585
003847816
003848117
003851707
003851715
003851725
003851830
003851842
003858871
003858893
003858898
003858900
003858903
003858905
003858984
003870353
003931593
003959421
004037820
004038778
004058677
004192492
004198299
004198331
004198344
004198506
004198508
004297671
004297673
004297675
004297676
004297678
004656233
004656242
004656257
004656304
004656309
004658266
004658270
004658280
004666875
003858904
005758002
003205746
003258643
000879967
004677167
003855930
003244202
003851498
003839317
003811417
003760308
003951559
003838162
003849923
004649911
003783692
003817117
003849729
004232143
003205743
003082105
003429886
003851495
003412397
003840725
003839308
003830614
003830767
003834275
003838773
003840221
003840478
004147102
003840955
003840992
003841383
003869010
003834921
003841023
003258656
003305627
003309403
003597081
003258651
003834915
003309409
003185233
003309408
003309398
003309391
003309399
002441002
003258662
003077737
004654938
003258661
005316037
003309400
003258660
003309395
003592776

003807750

003495053
003849647
003760646
003887266
004087154
003385638
004176586
003760304
003423247
003185236
003462293
004188245
003797427

003792935
003396393
003205754
003809347
003440710
006034484
003780078
003836444
003205749
003836463
003253435
003836487
003593811
003834505
003834593
003834786
003205750
003843464
003818501
003258675
003832808
003834438
005942852
003419090
003396376
003779243
003077901
003419083
003503604
003451937
003846682
003843841
003397895
003859685
003767568
003077288
003492548
003258653

003843330
003592999
003841456
003461530
003851301
003988492
003767574
003888563
003258677
003845940
003851308
003397905
003773321
003800405
004983981
003441685
003847163
003789754
003846760
003840475
003117655
003847032
003205752
003847181
003846738
003846727
003846758
003460353
003828863
003841287
005848848
003845433
003835685
003475945
003881190
003875777
003880998
003793276
003489472
003084676
003787187
003973232
003810218
003844309
003793050
003515620
003808567
003309405
003844260
003258644
003205744
003834563
003794269
003501120
004188068
003840472
003844260
003842688
003842370
003125806
003582743
003839706
003808930
003396384
003837569
003837147
003837167
004904473
003842263
003842187
003842133
003439201
003807655
003205734
003834499
003844244
003842896
003441637
003228621
003843463
003082073
003090657
003906303
003831478
003832166
003863580
003922169
003924303
003928245
003929468
003932050
003946209
003956268
003956273
003963754
003978036
003978077
003978121
003979511
003997162

003847783
003847830
003258665
003844186
003932099
003414765
005051123
003816283
003844199
003513518
003830958
003841462
003820561
003820578
003832159
003848110
006039912
003817449
003830744
003205751
003852743
003258646
005132590
004185240
003596555
003396366
003809248
003141316
003489997
003801187
003258684
003820566
003396395
003810518
003076465
003258681
003851327
003941345
003425278
003076833
004309852
006010074
003077289
004172867
003829243
003258649
003590998
003828950
000851681
003828946
003828942
004648883
003513959
003820591
004651092
003397799
003258689
003834401
003511125
003795112
003889253
003076340
003789323
003440711
003917370
003891621
003799668
003439275
003396372
003811650
003834310
003075671
003802447
003769166
003439110
006012878
003829792
003805352
003258674
004198512
003811512
003802516
003832921
003742444
003840455
003797170
005290696
003258685
003075420
003832977
003833979
003834093
003470960
003834269
003414096
003460363
003832058
003834072
003804646
003802286
003829787
003801123
003818986
003833886
003820774
003830815
003895893
003813735
003931197
003258645
003258657
003077296
003978125
003412395
003834079
003396377
003838142
003768270
003805655
004204957
003075425
003815981
003084675
003085750
003205755
003258648
003493800
003766218
003790429
003795512
003800412
003801554
003803494
003810024
003828974
003833850
003833921
003834290
003585577
003803654
003804429
004445152
004438128
004177325
003309394
003396386
003909459
003076310
003789274
003789413
003258658
003819161
006089750
003489847
003849800
003834332
003840651
003445074
003445489
003450885
003456398
003793896
003830313
003839293
003205737
003074420
003258647
003205736
003839027
003205738
003841364
001801220
002421033
003073487
003073488
003073912
003074974
003075421
003077739
003078946
003081712
003084679
003085751
003085752
003085753
003100247
003125277
003127274
003185235
003205739
003205740
003205742
003205748
003205753
003205756
003205758
003253370
003258650
003258659
003258663
003258666
003258667
003258673
003258678
003258679
003258680
003258682
003309390
003309393
003309401
003309402
003309406
003309407
003309410
003309413
003309414
003310603
003396363
003396365
003396367
003396369
003396371
003396374
003396375
003396378
003396388
003396389
003396390
003396391
003396392
003396394
003396397
003396398
003396399
003396400
003396401
003396402
003396407
003412396
003419088
003419091
003425279
003429884
003429885
003440712
003445480
003489894
003498330
003740641
003765464
003767505
003767516
003767578
003768104
003770301
003770926
003772965
003773203
003778124
003778128
003778134
003778138
003782662
003790398
003790452
003792627
003792634
003792806
003792823
003792864
003792940
003793020
003793124
003793163
003793905
003793915
003798132
003798145
003798354
003798393
003800565
003800569
003801557
003801874
003803079
003803124
003803143
003803185
003804680
003804758
003804896
003804901
003805549
003806912
003806999
003807317
003807600
003807614
003809291
003809504
003809828
003809845
003810680
003812216
003819260
003819310
003819337
003819340
003819363
003819391
003819405
003819711
003819783
003819797
003820013
003820487
003820646
003830374
003830979
003834453
003834734
003836549
003837171
003879010
004188083
004207055
004905225
003074421
003074975
003074976
003075408
003075409
003253371
003253436
003253437
003397834
003451096
003462284
003779498
003827630
003829283
003837146
003962599
003962809
003962822
003963074
003963376
003963381
003963391
003963515
003963520
003963565
003963572
003963580
003964164
003964171
003964173
003964174
003969062
003969088
003969096
003969832
003969835
003969840
003969891
003969949
003970078
003970086
003970104
003970179
003973336
003973337
003973339
003973343
003973913
003973916
003975415
003975456
003975501
003975517
003975666
003996679
004170298
004170375
004207084
004312954
004653603
004653607
004653616
004653626
004655514
003073218
003253434
004658290
003073913
003085673
003085681
003085749
003253438
003515149
003767381
003786588
003868763
003882412
003885978
003891566
003974191
003927282
003258654
006003301

005920398
006071214

005576421
003205741
005845532
005456376
003805726
003806318
003806421
003806445
003810225
003810356
003812558
003830955
003834435
003844006
004173646
004173653
004173710
004173750
004174361
004174687
003253372
003845078
003963373
003963397
003964177
003969839
003969842
003969882
003970095
003973347
003975430
003975506
004169986
004169992
004170116
004170371
004170381
004173306
004175651
004177319
003834231
003125805
003132322
003134561
003258652
003396373
003778141
003793048
003798129
004176692
004177150
003816984
003809574
003809586
003809636
003809652
003809684
003809704
003810367
003810797
003810874
003811589
003812129
004168698
004173661
004173667
003810237
004037932
004438141
004173657
003970114
004173752
004094575
004174757
004652809
004173673
003836462
003921423
003969091
006061830
005732494

005989197


005918542
005576430
003839663
003839281
003503458
003820611
003844242
003849796
003150164
003279974
003456765
003818278
003970417
003134268
003185234
003396370
003765776
003784539
003832796
003136604
003258669
003258670
003303046
003309392
003396364
003797604
003797766
003816373
003829857
003830148
003815410
003815548
003816322
003816980
003798055
003843460
003141097
003205757
003258655
003258672
003830337
003832370
003969256
003779238
003974740
003905271
003970177
003838958

003851637
003147299
003205745
003258664
003258686
003829013
003779190
003927347
006090660
003847283
003138887
003396408
003768898
003153418
003396357
003419087
003881919
003149804
003309396
003309397
003396361
003834330
003497576
003839734
003147314
003396360
003396409
003800512
004147104
006012893
003133391
003134660
003396403
003927247
003396362
003798458
006090613
003135251
003135252
003135942
003136729
003396396
003396404
003136523
003136524
003136602
003153733
003258671
003138878
003205747
003767447
003130275
003130330
003131212
003131475
003131749
003133509
003134269
003134619
003419085
003419086
003832332
003362687
003376869
003794347
003841332
006090419