005598215
004938725
003858904
004677167
003855930
003244202
003851498
003839317
003838162
003849923
004649911
003817117
003082105
003851495
003840725
003839308
003834921
003841023
003077737
004654938

003807750

003849647
003760646
003887266
004087154
003385638
004176586
003760304
003423247
003462293
004188245
003797427

006034484
003836444
003836463
003836487
003834593
003834786
003818501
005942852
003077901
003846682
003843841
003397895
003859685
003077288
003492548

003843330
003592999
003841456
003461530
003851301
003988492
003845940
003851308
003397905
003773321
003847163
003789754
003846760
003117655
003846758
003460353
003828863
003841287
003475945
003844309
003793050
003844260
003794269
004188068
003842688
003842370
003582743
003839706
003808930
003837147
003837167
003842263
003842187
003842133
003844244
003441637
003843463
003082073
003090657
003906303

003847783
003847830
005051123
003844199
003841462
003820561
003820578
003832159
006039912
003852743
005132590
004185240
003141316
003820566
003810518
003851327
003941345
003076833
006010074
004172867
003590998
003828950
003828946
003828942
004648883
003513959
003820591
004651092
003795112
003889253
003811650
003834310
003075671
003811512
003840455
003797170
005290696
003075420
003832977
003833979
003834093
003414096
003460363
003832058
003834072
003829787
003895893
003813735
003077296
003978125
003838142
004204957
003075425
003585577
003803654
003804429
004445152
004438128
004177325
003909459
003789413
006089750
003849800
003074421
003074976
003075408
003075409
003253371
003253437
003397834
003451096
003779498
003827630
003829283
003837146
003962599
003962809
003962822
003963074
003963376
003963381
003963391
003963515
003963520
003963565
003963572
003963580
003964164
003964171
003964173
003964174
003969062
003969088
003969096
003969832
003969835
003969840
003969891
003969949
003970078
003970086
003970104
003970179
003973336
003973337
003973339
003973343
003973913
003973916
003975415
003975456
003975501
003975517
003975666
003996679
004170298
004170375
004207084
004312954
004653603
004653607
004653616
004653626
004655514
003073913
003085673
003085681
003253438
003515149
003767381
003786588
003868763
003882412
003885978
003891566
003974191
003927282

006071214

003253372
003845078
003963373
003963397
003964177
003969839
003969842
003969882
003970095
003973347
003975430
003975506
004169986
004169992
004170116
004170371
004170381
004173306
004175651
004177319
003834231
003810237
004037932
004438141
003970114
004094575
004652809
003969091
006061830
005732494



003820611
003844242
003849796
003970417
003815410
003779238
003974740
003905271
003970177

003851637
003779190
003927347
006090660
003847283
003839734
006012893
003927247
006090613
003138878
003362687
003376869
003794347
003841332
006090419